0 50.0 0.0
1 49.60573506572389 6.266661678215213
2 48.429158056431554 12.43449435824274
3 46.488824294412574 18.406227634233897
4 43.81533400219318 24.087683705085766
5 40.45084971874737 29.389262614623657
6 36.448431371070576 34.22735529643443
7 31.871199487434488 38.525662138789464
8 26.791339748949827 42.216396275100756
9 21.288964578253633 45.241352623300976
10 15.450849718747373 47.552825814757675
11 9.369065729286238 49.11436253643443
12 3.139525976465676 49.901336421413575
13 -3.13952597646567 49.901336421413575
14 -9.36906572928623 49.114362536434435
15 -15.450849718747357 47.55282581475768
16 -21.288964578253637 45.241352623300976
17 -26.791339748949845 42.21639627510075
18 -31.871199487434488 38.525662138789464
19 -36.44843137107057 34.22735529643444
20 -40.450849718747364 29.38926261462366
21 -43.81533400219318 24.08768370508576
22 -46.48882429441257 18.406227634233908
23 -48.42915805643155 12.434494358242763
24 -49.60573506572389 6.266661678215227
25 -50.0 6.123233995736766e-15
26 -49.60573506572389 -6.266661678215215
27 -48.42915805643156 -12.434494358242729
28 -46.488824294412574 -18.406227634233897
29 -43.81533400219318 -24.08768370508577
30 -40.45084971874739 -29.389262614623636
31 -36.4484313710706 -34.22735529643442
32 -31.871199487434478 -38.52566213878947
33 -26.791339748949817 -42.21639627510076
34 -21.28896457825361 -45.24135262330099
35 -15.450849718747378 -47.552825814757675
36 -9.369065729286232 -49.114362536434435
37 -3.1395259764656602 -49.901336421413575
38 3.1395259764656416 -49.901336421413575
39 9.369065729286213 -49.114362536434435
40 15.450849718747362 -47.55282581475768
41 21.28896457825359 -45.241352623301
42 26.791339748949838 -42.21639627510075
43 31.871199487434467 -38.52566213878948
44 36.44843137107056 -34.227355296434446
45 40.450849718747364 -29.389262614623668
46 43.815334002193154 -24.087683705085805
47 46.488824294412574 -18.406227634233893
48 48.42915805643155 -12.434494358242768
49 49.60573506572389 -6.2666616782152325
