0 140.0 0.0
1 138.8960581840269 17.546652699002596
2 135.60164255800834 34.81658420307967
3 130.1687080243552 51.53743737585491
4 122.6829352061409 67.44551437424015
5 113.26237921249265 82.28993532094624
6 102.05560783899762 95.83659483001641
7 89.23935856481657 107.8718539886105
8 75.01575129705952 118.20590957028212
9 59.609100819110175 126.67578734524274
10 43.26237921249265 133.14791228132148
11 26.233384042001465 137.5202151020164
12 8.790672734103893 139.72374197995802
13 -8.790672734103877 139.72374197995802
14 -26.233384042001443 137.5202151020164
15 -43.2623792124926 133.1479122813215
16 -59.60910081911018 126.67578734524272
17 -75.01575129705957 118.20590957028209
18 -89.23935856481657 107.8718539886105
19 -102.05560783899759 95.83659483001644
20 -113.26237921249263 82.28993532094626
21 -122.6829352061409 67.44551437424013
22 -130.1687080243552 51.53743737585494
23 -135.60164255800834 34.816584203079735
24 -138.89605818402688 17.546652699002635
25 -140.0 1.7145055188062946e-14
26 -138.8960581840269 -17.5466526990026
27 -135.60164255800836 -34.81658420307964
28 -130.1687080243552 -51.53743737585491
29 -122.6829352061409 -67.44551437424015
30 -113.26237921249269 -82.28993532094617
31 -102.05560783899766 -95.83659483001638
32 -89.23935856481653 -107.87185398861051
33 -75.01575129705948 -118.20590957028215
34 -59.609100819110104 -126.67578734524277
35 -43.26237921249266 -133.14791228132148
36 -26.233384042001447 -137.5202151020164
37 -8.790672734103849 -139.72374197995802
38 8.790672734103797 -139.72374197995802
39 26.233384042001397 -137.5202151020164
40 43.26237921249261 -133.1479122813215
41 59.609100819110054 -126.67578734524278
42 75.01575129705955 -118.20590957028209
43 89.2393585648165 -107.87185398861054
44 102.05560783899757 -95.83659483001645
45 113.26237921249263 -82.28993532094627
46 122.68293520614084 -67.44551437424025
47 130.1687080243552 -51.5374373758549
48 135.60164255800834 -34.81658420307975
49 138.89605818402688 -17.54665269900265
