0 190.0 0.0
1 188.5017932497508 23.813314377217807
2 184.0308006144399 47.25107856132241
3 176.65753231876778 69.94366501008881
4 166.49826920833408 91.53319807932591
5 153.71322893124002 111.6791979355699
6 138.50403921006819 130.06395012645083
7 121.11055805225105 146.39751612739997
8 101.80709104600935 160.42230584538285
9 80.89806539736381 171.91713996854372
10 58.71322893124002 180.70073809607916
11 35.6024497712877 186.63457763845085
12 11.93019871056957 189.6250784013716
13 -11.930198710569547 189.6250784013716
14 -35.602449771287674 186.63457763845085
15 -58.713228931239954 180.7007380960792
16 -80.89806539736382 171.9171399685437
17 -101.8070910460094 160.42230584538285
18 -121.11055805225105 146.39751612739997
19 -138.50403921006816 130.0639501264509
20 -153.71322893124 111.67919793556992
21 -166.49826920833408 91.53319807932589
22 -176.65753231876775 69.94366501008885
23 -184.0308006144399 47.251078561322494
24 -188.50179324975076 23.81331437721786
25 -190.0 2.326828918379971e-14
26 -188.5017932497508 -23.813314377217814
27 -184.03080061443993 -47.251078561322366
28 -176.65753231876778 -69.94366501008881
29 -166.49826920833408 -91.53319807932593
30 -153.71322893124008 -111.67919793556982
31 -138.50403921006827 -130.0639501264508
32 -121.11055805225101 -146.39751612739997
33 -101.8070910460093 -160.4223058453829
34 -80.89806539736371 -171.91713996854375
35 -58.71322893124004 -180.70073809607916
36 -35.60244977128768 -186.63457763845085
37 -11.93019871056951 -189.6250784013716
38 11.930198710569439 -189.6250784013716
39 35.60244977128761 -186.63457763845085
40 58.713228931239975 -180.7007380960792
41 80.89806539736365 -171.91713996854378
42 101.80709104600939 -160.42230584538285
43 121.11055805225097 -146.39751612740002
44 138.50403921006813 -130.0639501264509
45 153.71322893124 -111.67919793556993
46 166.498269208334 -91.53319807932606
47 176.65753231876778 -69.9436650100888
48 184.0308006144399 -47.251078561322515
49 188.50179324975076 -23.813314377217882
