0 200.0 0.0
1 198.42294026289557 25.06664671286085
2 193.71663222572622 49.73797743297096
3 185.9552971776503 73.62491053693559
4 175.26133600877273 96.35073482034306
5 161.80339887498948 117.55705045849463
6 145.7937254842823 136.90942118573773
7 127.48479794973795 154.10264855515786
8 107.16535899579931 168.86558510040302
9 85.15585831301453 180.9654104932039
10 61.80339887498949 190.2113032590307
11 37.47626291714495 196.4574501457377
12 12.558103905862705 199.6053456856543
13 -12.55810390586268 199.6053456856543
14 -37.47626291714492 196.45745014573774
15 -61.803398874989426 190.21130325903073
16 -85.15585831301455 180.9654104932039
17 -107.16535899579938 168.865585100403
18 -127.48479794973795 154.10264855515786
19 -145.79372548428228 136.90942118573776
20 -161.80339887498945 117.55705045849464
21 -175.26133600877273 96.35073482034304
22 -185.95529717765027 73.62491053693563
23 -193.7166322257262 49.73797743297105
24 -198.42294026289557 25.06664671286091
25 -200.0 2.4492935982947064e-14
26 -198.42294026289557 -25.06664671286086
27 -193.71663222572624 -49.737977432970915
28 -185.9552971776503 -73.62491053693559
29 -175.26133600877273 -96.35073482034308
30 -161.80339887498957 -117.55705045849454
31 -145.7937254842824 -136.90942118573767
32 -127.48479794973791 -154.10264855515788
33 -107.16535899579927 -168.86558510040305
34 -85.15585831301443 -180.96541049320396
35 -61.80339887498951 -190.2113032590307
36 -37.47626291714493 -196.45745014573774
37 -12.558103905862641 -199.6053456856543
38 12.558103905862566 -199.6053456856543
39 37.47626291714485 -196.45745014573774
40 61.80339887498945 -190.21130325903073
41 85.15585831301436 -180.965410493204
42 107.16535899579935 -168.865585100403
43 127.48479794973787 -154.1026485551579
44 145.79372548428225 -136.90942118573778
45 161.80339887498945 -117.55705045849467
46 175.26133600877262 -96.35073482034322
47 185.9552971776503 -73.62491053693557
48 193.7166322257262 -49.73797743297107
49 198.42294026289557 -25.06664671286093
