0 60.0 0.0
1 59.526882078868674 7.5199940138582555
2 58.114989667717865 14.921393229891288
3 55.78658915329509 22.087473161080673
4 52.57840080263181 28.90522044610292
5 48.54101966249685 35.26711513754839
6 43.738117645284696 41.07282635572132
7 38.24543938492138 46.23079456654735
8 32.14960769873979 50.65967553012091
9 25.54675749390436 54.28962314796117
10 18.541019662496847 57.06339097770921
11 11.242878875143484 58.937235043721316
12 3.767431171758812 59.88160370569629
13 -3.7674311717588043 59.88160370569629
14 -11.242878875143475 58.93723504372132
15 -18.541019662496826 57.06339097770922
16 -25.546757493904362 54.289623147961166
17 -32.149607698739814 50.6596755301209
18 -38.24543938492138 46.23079456654735
19 -43.73811764528468 41.07282635572133
20 -48.54101966249684 35.267115137548394
21 -52.57840080263181 28.905220446102913
22 -55.78658915329508 22.087473161080688
23 -58.11498966771786 14.921393229891315
24 -59.52688207886867 7.519994013858272
25 -60.0 7.34788079488412e-15
26 -59.526882078868674 -7.519994013858257
27 -58.11498966771787 -14.921393229891274
28 -55.78658915329509 -22.087473161080673
29 -52.57840080263181 -28.905220446102923
30 -48.541019662496865 -35.26711513754836
31 -43.73811764528471 -41.072826355721304
32 -38.24543938492137 -46.23079456654736
33 -32.14960769873978 -50.65967553012092
34 -25.54675749390433 -54.28962314796119
35 -18.541019662496854 -57.06339097770921
36 -11.242878875143477 -58.93723504372132
37 -3.7674311717587923 -59.88160370569629
38 3.76743117175877 -59.88160370569629
39 11.242878875143456 -58.93723504372132
40 18.541019662496833 -57.06339097770922
41 25.54675749390431 -54.289623147961194
42 32.14960769873981 -50.6596755301209
43 38.245439384921355 -46.230794566547374
44 43.738117645284674 -41.07282635572134
45 48.54101966249684 -35.2671151375484
46 52.57840080263179 -28.905220446102966
47 55.78658915329509 -22.087473161080673
48 58.11498966771786 -14.92139322989132
49 59.52688207886867 -7.519994013858279
