0 40.0 0.0
1 39.684588052579116 5.01332934257217
2 38.74332644514524 9.947595486594192
3 37.19105943553006 14.724982107387117
4 35.052267201754546 19.270146964068612
5 32.3606797749979 23.511410091698927
6 29.158745096856464 27.381884237147545
7 25.49695958994759 30.82052971103157
8 21.433071799159862 33.773117020080605
9 17.031171662602908 36.19308209864079
10 12.360679774997898 38.04226065180614
11 7.495252583428989 39.291490029147546
12 2.511620781172541 39.921069137130864
13 -2.511620781172536 39.921069137130864
14 -7.495252583428984 39.291490029147546
15 -12.360679774997884 38.042260651806146
16 -17.031171662602908 36.19308209864078
17 -21.433071799159876 33.7731170200806
18 -25.49695958994759 30.82052971103157
19 -29.158745096856453 27.381884237147553
20 -32.36067977499789 23.51141009169893
21 -35.052267201754546 19.27014696406861
22 -37.19105943553005 14.724982107387126
23 -38.743326445145236 9.94759548659421
24 -39.68458805257911 5.013329342572181
25 -40.0 4.898587196589413e-15
26 -39.684588052579116 -5.013329342572171
27 -38.74332644514525 -9.947595486594183
28 -37.19105943553006 -14.724982107387117
29 -35.052267201754546 -19.270146964068616
30 -32.36067977499791 -23.511410091698906
31 -29.158745096856475 -27.381884237147535
32 -25.49695958994758 -30.820529711031575
33 -21.433071799159855 -33.77311702008061
34 -17.031171662602887 -36.193082098640794
35 -12.360679774997902 -38.04226065180614
36 -7.495252583428985 -39.291490029147546
37 -2.511620781172528 -39.921069137130864
38 2.511620781172513 -39.921069137130864
39 7.495252583428971 -39.291490029147546
40 12.36067977499789 -38.042260651806146
41 17.031171662602873 -36.193082098640794
42 21.43307179915987 -33.7731170200806
43 25.496959589947572 -30.820529711031583
44 29.15874509685645 -27.38188423714756
45 32.36067977499789 -23.511410091698934
46 35.052267201754525 -19.270146964068644
47 37.19105943553006 -14.724982107387115
48 38.743326445145236 -9.947595486594214
49 39.68458805257911 -5.013329342572186
