0 30.0 0.0
1 29.763441039434337 3.7599970069291277
2 29.057494833858932 7.460696614945644
3 27.893294576647545 11.043736580540337
4 26.289200401315906 14.45261022305146
5 24.270509831248425 17.633557568774194
6 21.869058822642348 20.53641317786066
7 19.12271969246069 23.115397283273676
8 16.074803849369896 25.329837765060454
9 12.77337874695218 27.144811573980586
10 9.270509831248424 28.531695488854606
11 5.621439437571742 29.468617521860658
12 1.883715585879406 29.940801852848146
13 -1.8837155858794021 29.940801852848146
14 -5.621439437571738 29.46861752186066
15 -9.270509831248413 28.53169548885461
16 -12.773378746952181 27.144811573980583
17 -16.074803849369907 25.32983776506045
18 -19.12271969246069 23.115397283273676
19 -21.86905882264234 20.536413177860666
20 -24.27050983124842 17.633557568774197
21 -26.289200401315906 14.452610223051456
22 -27.89329457664754 11.043736580540344
23 -29.05749483385893 7.4606966149456575
24 -29.763441039434333 3.759997006929136
25 -30.0 3.67394039744206e-15
26 -29.763441039434337 -3.7599970069291286
27 -29.057494833858936 -7.460696614945637
28 -27.893294576647545 -11.043736580540337
29 -26.289200401315906 -14.452610223051462
30 -24.270509831248432 -17.63355756877418
31 -21.869058822642355 -20.536413177860652
32 -19.122719692460684 -23.11539728327368
33 -16.07480384936989 -25.32983776506046
34 -12.773378746952165 -27.144811573980594
35 -9.270509831248427 -28.531695488854606
36 -5.6214394375717385 -29.46861752186066
37 -1.8837155858793961 -29.940801852848146
38 1.883715585879385 -29.940801852848146
39 5.621439437571728 -29.46861752186066
40 9.270509831248416 -28.53169548885461
41 12.773378746952154 -27.144811573980597
42 16.074803849369903 -25.32983776506045
43 19.122719692460677 -23.115397283273687
44 21.869058822642337 -20.53641317786067
45 24.27050983124842 -17.6335575687742
46 26.289200401315895 -14.452610223051483
47 27.893294576647545 -11.043736580540337
48 29.05749483385893 -7.46069661494566
49 29.763441039434333 -3.7599970069291393
