0 70.0 0.0
1 69.44802909201346 8.773326349501298
2 67.80082127900417 17.408292101539836
3 65.0843540121776 25.768718687927453
4 61.34146760307045 33.722757187120074
5 56.63118960624632 41.14496766047312
6 51.02780391949881 47.918297415008205
7 44.619679282408285 53.93592699430525
8 37.50787564852976 59.10295478514106
9 29.804550409555087 63.33789367262137
10 21.631189606246323 66.57395614066074
11 13.116692021000732 68.7601075510082
12 4.3953363670519465 69.86187098997901
13 -4.3953363670519385 69.86187098997901
14 -13.116692021000722 68.7601075510082
15 -21.6311896062463 66.57395614066075
16 -29.80455040955509 63.33789367262136
17 -37.50787564852978 59.102954785141044
18 -44.619679282408285 53.93592699430525
19 -51.027803919498794 47.91829741500822
20 -56.631189606246316 41.14496766047313
21 -61.34146760307045 33.72275718712007
22 -65.0843540121776 25.76871868792747
23 -67.80082127900417 17.408292101539868
24 -69.44802909201344 8.773326349501318
25 -70.0 8.572527594031473e-15
26 -69.44802909201346 -8.7733263495013
27 -67.80082127900418 -17.40829210153982
28 -65.0843540121776 -25.768718687927453
29 -61.34146760307045 -33.722757187120074
30 -56.631189606246345 -41.144967660473085
31 -51.02780391949883 -47.91829741500819
32 -44.61967928240826 -53.935926994305255
33 -37.50787564852974 -59.10295478514107
34 -29.804550409555052 -63.337893672621384
35 -21.63118960624633 -66.57395614066074
36 -13.116692021000723 -68.7601075510082
37 -4.395336367051924 -69.86187098997901
38 4.395336367051899 -69.86187098997901
39 13.116692021000699 -68.7601075510082
40 21.631189606246306 -66.57395614066075
41 29.804550409555027 -63.33789367262139
42 37.507875648529776 -59.102954785141044
43 44.61967928240825 -53.93592699430527
44 51.02780391949879 -47.918297415008226
45 56.631189606246316 -41.144967660473135
46 61.34146760307042 -33.72275718712012
47 65.0843540121776 -25.76871868792745
48 67.80082127900417 -17.408292101539875
49 69.44802909201344 -8.773326349501325
