0 150.0 0.0
1 148.8172051971717 18.799985034645637
2 145.28747416929465 37.30348307472822
3 139.4664728832377 55.21868290270169
4 131.44600200657953 72.2630511152573
5 121.35254915624212 88.16778784387097
6 109.34529411321174 102.68206588930329
7 95.61359846230346 115.57698641636838
8 80.37401924684949 126.64918882530226
9 63.8668937347609 135.72405786990294
10 46.35254915624212 142.65847744427302
11 28.10719718785871 147.3430876093033
12 9.41857792939703 149.70400926424074
13 -9.41857792939701 149.70400926424074
14 -28.10719718785869 147.3430876093033
15 -46.35254915624207 142.65847744427305
16 -63.86689373476091 135.7240578699029
17 -80.37401924684953 126.64918882530225
18 -95.61359846230346 115.57698641636838
19 -109.3452941132117 102.68206588930333
20 -121.3525491562421 88.16778784387098
21 -131.44600200657953 72.26305111525728
22 -139.4664728832377 55.21868290270172
23 -145.28747416929465 37.303483074728284
24 -148.81720519717166 18.79998503464568
25 -150.0 1.8369701987210297e-14
26 -148.8172051971717 -18.799985034645644
27 -145.28747416929468 -37.303483074728184
28 -139.4664728832377 -55.21868290270169
29 -131.44600200657953 -72.26305111525731
30 -121.35254915624216 -88.1677878438709
31 -109.34529411321178 -102.68206588930326
32 -95.61359846230343 -115.5769864163684
33 -80.37401924684944 -126.64918882530229
34 -63.86689373476082 -135.72405786990296
35 -46.352549156242134 -142.65847744427302
36 -28.107197187858695 -147.3430876093033
37 -9.418577929396982 -149.70400926424074
38 9.418577929396925 -149.70400926424074
39 28.10719718785864 -147.3430876093033
40 46.352549156242084 -142.65847744427305
41 63.86689373476077 -135.724057869903
42 80.37401924684951 -126.64918882530225
43 95.6135984623034 -115.57698641636844
44 109.34529411321168 -102.68206588930335
45 121.3525491562421 -88.167787843871
46 131.44600200657948 -72.26305111525741
47 139.4664728832377 -55.21868290270168
48 145.28747416929465 -37.303483074728305
49 148.81720519717166 -18.799985034645697
