0 90.0 0.0
1 89.29032311830301 11.279991020787383
2 87.1724845015768 22.38208984483693
3 83.67988372994263 33.131209741621014
4 78.86760120394773 43.35783066915438
5 72.81152949374527 52.90067270632258
6 65.60717646792703 61.60923953358198
7 57.368159077382074 69.34619184982104
8 48.224411548109686 75.98951329518135
9 38.32013624085654 81.43443472194176
10 27.81152949374527 85.59508646656381
11 16.864318312715227 88.40585256558198
12 5.651146757638218 89.82240555854445
13 -5.651146757638206 89.82240555854445
14 -16.864318312715213 88.40585256558198
15 -27.81152949374524 85.59508646656383
16 -38.32013624085654 81.43443472194176
17 -48.22441154810972 75.98951329518135
18 -57.368159077382074 69.34619184982104
19 -65.60717646792702 61.609239533582
20 -72.81152949374525 52.900672706322595
21 -78.86760120394773 43.35783066915437
22 -83.67988372994262 33.131209741621035
23 -87.17248450157679 22.382089844836973
24 -89.290323118303 11.279991020787408
25 -90.0 1.1021821192326179e-14
26 -89.29032311830301 -11.279991020787385
27 -87.1724845015768 -22.382089844836912
28 -83.67988372994263 -33.131209741621014
29 -78.86760120394773 -43.35783066915438
30 -72.8115294937453 -52.900672706322545
31 -65.60717646792708 -61.609239533581956
32 -57.36815907738206 -69.34619184982104
33 -48.22441154810967 -75.98951329518138
34 -38.32013624085649 -81.43443472194178
35 -27.81152949374528 -85.59508646656381
36 -16.864318312715216 -88.40585256558198
37 -5.651146757638188 -89.82240555854445
38 5.651146757638155 -89.82240555854445
39 16.864318312715184 -88.40585256558198
40 27.81152949374525 -85.59508646656383
41 38.32013624085646 -81.4344347219418
42 48.22441154810971 -75.98951329518135
43 57.36815907738204 -69.34619184982107
44 65.607176467927 -61.609239533582006
45 72.81152949374525 -52.9006727063226
46 78.86760120394769 -43.35783066915445
47 83.67988372994263 -33.13120974162101
48 87.17248450157679 -22.382089844836983
49 89.290323118303 -11.279991020787419
