0 120.0 0.0
1 119.05376415773735 15.039988027716511
2 116.22997933543573 29.842786459782577
3 111.57317830659018 44.17494632216135
4 105.15680160526362 57.81044089220584
5 97.0820393249937 70.53423027509677
6 87.47623529056939 82.14565271144264
7 76.49087876984277 92.4615891330947
8 64.29921539747959 101.31935106024181
9 51.09351498780872 108.57924629592235
10 37.082039324993694 114.12678195541842
11 22.485757750286968 117.87447008744263
12 7.534862343517624 119.76320741139259
13 -7.5348623435176085 119.76320741139259
14 -22.48575775028695 117.87447008744265
15 -37.08203932499365 114.12678195541844
16 -51.093514987808724 108.57924629592233
17 -64.29921539747963 101.3193510602418
18 -76.49087876984277 92.4615891330947
19 -87.47623529056936 82.14565271144266
20 -97.08203932499369 70.53423027509679
21 -105.15680160526362 57.810440892205825
22 -111.57317830659017 44.174946322161375
23 -116.22997933543571 29.84278645978263
24 -119.05376415773733 15.039988027716545
25 -120.0 1.469576158976824e-14
26 -119.05376415773735 -15.039988027716515
27 -116.22997933543574 -29.84278645978255
28 -111.57317830659018 -44.17494632216135
29 -105.15680160526362 -57.81044089220585
30 -97.08203932499373 -70.53423027509672
31 -87.47623529056942 -82.14565271144261
32 -76.49087876984274 -92.46158913309472
33 -64.29921539747956 -101.31935106024184
34 -51.09351498780866 -108.57924629592237
35 -37.08203932499371 -114.12678195541842
36 -22.485757750286954 -117.87447008744265
37 -7.5348623435175845 -119.76320741139259
38 7.53486234351754 -119.76320741139259
39 22.48575775028691 -117.87447008744265
40 37.082039324993666 -114.12678195541844
41 51.09351498780862 -108.57924629592239
42 64.29921539747961 -101.3193510602418
43 76.49087876984271 -92.46158913309475
44 87.47623529056935 -82.14565271144268
45 97.08203932499369 -70.5342302750968
46 105.15680160526358 -57.81044089220593
47 111.57317830659018 -44.17494632216135
48 116.22997933543571 -29.84278645978264
49 119.05376415773733 -15.039988027716557
