0 10.0 0.0
1 9.921147013144779 1.2533323356430426
2 9.68583161128631 2.486898871648548
3 9.297764858882514 3.681245526846779
4 8.763066800438637 4.817536741017153
5 8.090169943749475 5.877852522924732
6 7.289686274214116 6.845471059286886
7 6.3742398974868975 7.705132427757892
8 5.3582679497899655 8.443279255020151
9 4.257792915650727 9.048270524660197
10 3.0901699437494745 9.510565162951535
11 1.8738131458572473 9.822872507286887
12 0.6279051952931353 9.980267284282716
13 -0.627905195293134 9.980267284282716
14 -1.873813145857246 9.822872507286887
15 -3.090169943749471 9.510565162951536
16 -4.257792915650727 9.048270524660195
17 -5.358267949789969 8.44327925502015
18 -6.3742398974868975 7.705132427757892
19 -7.289686274214113 6.845471059286888
20 -8.090169943749473 5.877852522924733
21 -8.763066800438637 4.817536741017152
22 -9.297764858882513 3.6812455268467814
23 -9.685831611286309 2.4868988716485525
24 -9.921147013144777 1.2533323356430452
25 -10.0 1.2246467991473533e-15
26 -9.921147013144779 -1.2533323356430428
27 -9.685831611286313 -2.486898871648546
28 -9.297764858882514 -3.681245526846779
29 -8.763066800438637 -4.817536741017154
30 -8.090169943749478 -5.8778525229247265
31 -7.289686274214119 -6.845471059286884
32 -6.374239897486895 -7.705132427757894
33 -5.358267949789964 -8.443279255020153
34 -4.257792915650722 -9.048270524660198
35 -3.0901699437494754 -9.510565162951535
36 -1.8738131458572462 -9.822872507286887
37 -0.627905195293132 -9.980267284282716
38 0.6279051952931283 -9.980267284282716
39 1.8738131458572427 -9.822872507286887
40 3.0901699437494723 -9.510565162951536
41 4.257792915650718 -9.048270524660198
42 5.358267949789967 -8.44327925502015
43 6.374239897486893 -7.705132427757896
44 7.289686274214112 -6.84547105928689
45 8.090169943749473 -5.877852522924734
46 8.763066800438631 -4.817536741017161
47 9.297764858882514 -3.6812455268467787
48 9.685831611286309 -2.4868988716485534
49 9.921147013144777 -1.2533323356430466
