0 20.0 0.0
1 19.842294026289558 2.506664671286085
2 19.37166322257262 4.973797743297096
3 18.59552971776503 7.362491053693558
4 17.526133600877273 9.635073482034306
5 16.18033988749895 11.755705045849464
6 14.579372548428232 13.690942118573773
7 12.748479794973795 15.410264855515784
8 10.716535899579931 16.886558510040302
9 8.515585831301454 18.096541049320393
10 6.180339887498949 19.02113032590307
11 3.7476262917144947 19.645745014573773
12 1.2558103905862705 19.960534568565432
13 -1.255810390586268 19.960534568565432
14 -3.747626291714492 19.645745014573773
15 -6.180339887498942 19.021130325903073
16 -8.515585831301454 18.09654104932039
17 -10.716535899579938 16.8865585100403
18 -12.748479794973795 15.410264855515784
19 -14.579372548428227 13.690942118573776
20 -16.180339887498945 11.755705045849465
21 -17.526133600877273 9.635073482034304
22 -18.595529717765025 7.362491053693563
23 -19.371663222572618 4.973797743297105
24 -19.842294026289554 2.5066646712860905
25 -20.0 2.4492935982947065e-15
26 -19.842294026289558 -2.5066646712860856
27 -19.371663222572625 -4.973797743297092
28 -18.59552971776503 -7.362491053693558
29 -17.526133600877273 -9.635073482034308
30 -16.180339887498956 -11.755705045849453
31 -14.579372548428237 -13.690942118573767
32 -12.74847979497379 -15.410264855515788
33 -10.716535899579927 -16.886558510040306
34 -8.515585831301443 -18.096541049320397
35 -6.180339887498951 -19.02113032590307
36 -3.7476262917144925 -19.645745014573773
37 -1.255810390586264 -19.960534568565432
38 1.2558103905862565 -19.960534568565432
39 3.7476262917144854 -19.645745014573773
40 6.180339887498945 -19.021130325903073
41 8.515585831301436 -18.096541049320397
42 10.716535899579934 -16.8865585100403
43 12.748479794973786 -15.410264855515791
44 14.579372548428225 -13.69094211857378
45 16.180339887498945 -11.755705045849467
46 17.526133600877262 -9.635073482034322
47 18.59552971776503 -7.3624910536935575
48 19.371663222572618 -4.973797743297107
49 19.842294026289554 -2.506664671286093
