0 110.0 0.0
1 109.13261714459257 13.786655692073468
2 106.54414772414941 27.355887588134028
3 102.27541344770766 40.493700795314574
4 96.39373480482499 52.99290415118868
5 88.99186938124421 64.65637775217205
6 80.18654901635527 75.30018165215574
7 70.11663887235588 84.75645670533682
8 58.940947447689624 92.87607180522166
9 46.83572207215799 99.53097577126215
10 33.99186938124422 104.61621679246689
11 20.61194460442972 108.05159758015574
12 6.906957148224488 109.78294012710987
13 -6.906957148224474 109.78294012710987
14 -20.611944604429706 108.05159758015576
15 -33.991869381244186 104.6162167924669
16 -46.835722072158 99.53097577126213
17 -58.94094744768966 92.87607180522164
18 -70.11663887235588 84.75645670533682
19 -80.18654901635524 75.30018165215577
20 -88.99186938124421 64.65637775217206
21 -96.39373480482499 52.992904151188675
22 -102.27541344770765 40.493700795314595
23 -106.54414772414941 27.355887588134078
24 -109.13261714459256 13.786655692073499
25 -110.0 1.3471114790620885e-14
26 -109.13261714459257 -13.786655692073472
27 -106.54414772414943 -27.355887588134003
28 -102.27541344770766 -40.493700795314574
29 -96.39373480482499 -52.99290415118869
30 -88.99186938124426 -64.65637775217199
31 -80.1865490163553 -75.30018165215573
32 -70.11663887235585 -84.75645670533683
33 -58.940947447689595 -92.87607180522168
34 -46.835722072157935 -99.53097577126218
35 -33.99186938124423 -104.61621679246689
36 -20.61194460442971 -108.05159758015576
37 -6.9069571482244525 -109.78294012710987
38 6.906957148224412 -109.78294012710987
39 20.61194460442967 -108.05159758015576
40 33.99186938124419 -104.6162167924669
41 46.8357220721579 -99.53097577126219
42 58.940947447689645 -92.87607180522164
43 70.11663887235582 -84.75645670533686
44 80.18654901635523 -75.30018165215579
45 88.99186938124421 -64.65637775217206
46 96.39373480482494 -52.99290415118877
47 102.27541344770766 -40.49370079531457
48 106.54414772414941 -27.355887588134088
49 109.13261714459256 -13.786655692073511
