0 170.0 0.0
1 168.65949922346124 21.306649705931726
2 164.6591373918673 42.27728081802532
3 158.06200260100275 62.58117395639525
4 148.9721356074568 81.8981245972916
5 137.53288904374108 99.92349288972044
6 123.92466666163996 116.37300800787706
7 108.36207825727726 130.98725127188416
8 91.09055514642941 143.53574733534256
9 72.38247956606236 153.82059891922333
10 52.532889043741065 161.6796077701761
11 31.854823479573206 166.98883262387707
12 10.674388319983299 169.66454383280617
13 -10.674388319983278 169.66454383280617
14 -31.85482347957318 166.98883262387707
15 -52.53288904374101 161.67960777017612
16 -72.38247956606236 153.8205989192233
17 -91.09055514642947 143.53574733534253
18 -108.36207825727726 130.98725127188416
19 -123.92466666163993 116.3730080078771
20 -137.53288904374105 99.92349288972045
21 -148.9721356074568 81.89812459729158
22 -158.06200260100272 62.58117395639528
23 -164.65913739186726 42.27728081802539
24 -168.6594992234612 21.306649705931772
25 -170.0 2.0818995585505004e-14
26 -168.65949922346124 -21.30664970593173
27 -164.6591373918673 -42.277280818025275
28 -158.06200260100275 -62.58117395639525
29 -148.9721356074568 -81.89812459729161
30 -137.53288904374114 -99.92349288972036
31 -123.92466666164002 -116.37300800787703
32 -108.36207825727722 -130.9872512718842
33 -91.09055514642938 -143.5357473353426
34 -72.38247956606227 -153.82059891922336
35 -52.532889043741086 -161.6796077701761
36 -31.854823479573188 -166.98883262387707
37 -10.674388319983246 -169.66454383280617
38 10.674388319983182 -169.66454383280617
39 31.854823479573124 -166.98883262387707
40 52.53288904374103 -161.67960777017612
41 72.38247956606222 -153.8205989192234
42 91.09055514642945 -143.53574733534253
43 108.36207825727718 -130.98725127188422
44 123.9246666616399 -116.37300800787712
45 137.53288904374105 -99.92349288972048
46 148.97213560745672 -81.89812459729174
47 158.06200260100275 -62.58117395639524
48 164.65913739186726 -42.27728081802541
49 168.6594992234612 -21.30664970593179
