0 80.0 0.0
1 79.36917610515823 10.02665868514434
2 77.48665289029049 19.895190973188384
3 74.38211887106011 29.449964214774234
4 70.10453440350909 38.540293928137224
5 64.7213595499958 47.022820183397855
6 58.31749019371293 54.76376847429509
7 50.99391917989518 61.64105942206314
8 42.866143598319724 67.54623404016121
9 34.062343325205816 72.38616419728157
10 24.721359549995796 76.08452130361228
11 14.990505166857979 78.58298005829509
12 5.023241562345082 79.84213827426173
13 -5.023241562345072 79.84213827426173
14 -14.990505166857968 78.58298005829509
15 -24.721359549995768 76.08452130361229
16 -34.062343325205816 72.38616419728156
17 -42.86614359831975 67.5462340401612
18 -50.99391917989518 61.64105942206314
19 -58.317490193712906 54.763768474295105
20 -64.72135954999578 47.02282018339786
21 -70.10453440350909 38.54029392813722
22 -74.3821188710601 29.44996421477425
23 -77.48665289029047 19.89519097318842
24 -79.36917610515822 10.026658685144362
25 -80.0 9.797174393178826e-15
26 -79.36917610515823 -10.026658685144342
27 -77.4866528902905 -19.895190973188367
28 -74.38211887106011 -29.449964214774234
29 -70.10453440350909 -38.54029392813723
30 -64.72135954999582 -47.02282018339781
31 -58.31749019371295 -54.76376847429507
32 -50.99391917989516 -61.64105942206315
33 -42.86614359831971 -67.54623404016122
34 -34.062343325205774 -72.38616419728159
35 -24.721359549995803 -76.08452130361228
36 -14.99050516685797 -78.58298005829509
37 -5.023241562345056 -79.84213827426173
38 5.023241562345026 -79.84213827426173
39 14.990505166857941 -78.58298005829509
40 24.72135954999578 -76.08452130361229
41 34.062343325205745 -72.38616419728159
42 42.86614359831974 -67.5462340401612
43 50.993919179895144 -61.641059422063165
44 58.3174901937129 -54.76376847429512
45 64.72135954999578 -47.02282018339787
46 70.10453440350905 -38.54029392813729
47 74.38211887106011 -29.44996421477423
48 77.48665289029047 -19.895190973188427
49 79.36917610515822 -10.026658685144373
