0 180.0 0.0
1 178.58064623660601 22.559982041574766
2 174.3449690031536 44.76417968967386
3 167.35976745988526 66.26241948324203
4 157.73520240789546 86.71566133830876
5 145.62305898749054 105.80134541264516
6 131.21435293585407 123.21847906716395
7 114.73631815476415 138.69238369964208
8 96.44882309621937 151.9790265903627
9 76.64027248171308 162.8688694438835
10 55.62305898749054 171.19017293312763
11 33.728636625430454 176.81170513116396
12 11.302293515276435 179.6448111170889
13 -11.302293515276412 179.6448111170889
14 -33.728636625430426 176.81170513116396
15 -55.62305898749048 171.19017293312766
16 -76.64027248171308 162.8688694438835
17 -96.44882309621944 151.9790265903627
18 -114.73631815476415 138.69238369964208
19 -131.21435293585404 123.218479067164
20 -145.6230589874905 105.80134541264519
21 -157.73520240789546 86.71566133830873
22 -167.35976745988523 66.26241948324207
23 -174.34496900315358 44.764179689673945
24 -178.580646236606 22.559982041574816
25 -180.0 2.2043642384652358e-14
26 -178.58064623660601 -22.55998204157477
27 -174.3449690031536 -44.764179689673824
28 -167.35976745988526 -66.26241948324203
29 -157.73520240789546 -86.71566133830876
30 -145.6230589874906 -105.80134541264509
31 -131.21435293585415 -123.21847906716391
32 -114.73631815476412 -138.69238369964208
33 -96.44882309621934 -151.97902659036276
34 -76.64027248171298 -162.86886944388357
35 -55.62305898749056 -171.19017293312763
36 -33.72863662543043 -176.81170513116396
37 -11.302293515276377 -179.6448111170889
38 11.30229351527631 -179.6448111170889
39 33.72863662543037 -176.81170513116396
40 55.6230589874905 -171.19017293312766
41 76.64027248171293 -162.8688694438836
42 96.44882309621941 -151.9790265903627
43 114.73631815476408 -138.69238369964214
44 131.214352935854 -123.21847906716401
45 145.6230589874905 -105.8013454126452
46 157.73520240789537 -86.7156613383089
47 167.35976745988526 -66.26241948324201
48 174.34496900315358 -44.764179689673966
49 178.580646236606 -22.559982041574838
