0 160.0 0.0
1 158.73835221031646 20.05331737028868
2 154.97330578058097 39.79038194637677
3 148.76423774212023 58.89992842954847
4 140.20906880701818 77.08058785627445
5 129.4427190999916 94.04564036679571
6 116.63498038742586 109.52753694859018
7 101.98783835979036 123.28211884412627
8 85.73228719663945 135.09246808032242
9 68.12468665041163 144.77232839456315
10 49.44271909999159 152.16904260722455
11 29.981010333715957 157.16596011659018
12 10.046483124690164 159.68427654852346
13 -10.046483124690145 159.68427654852346
14 -29.981010333715936 157.16596011659018
15 -49.442719099991535 152.16904260722458
16 -68.12468665041163 144.77232839456312
17 -85.7322871966395 135.0924680803224
18 -101.98783835979036 123.28211884412627
19 -116.63498038742581 109.52753694859021
20 -129.44271909999156 94.04564036679572
21 -140.20906880701818 77.08058785627443
22 -148.7642377421202 58.8999284295485
23 -154.97330578058094 39.79038194637684
24 -158.73835221031644 20.053317370288724
25 -160.0 1.9594348786357652e-14
26 -158.73835221031646 -20.053317370288685
27 -154.973305780581 -39.79038194637673
28 -148.76423774212023 -58.89992842954847
29 -140.20906880701818 -77.08058785627446
30 -129.44271909999165 -94.04564036679562
31 -116.6349803874259 -109.52753694859014
32 -101.98783835979032 -123.2821188441263
33 -85.73228719663942 -135.09246808032245
34 -68.12468665041155 -144.77232839456317
35 -49.442719099991606 -152.16904260722455
36 -29.98101033371594 -157.16596011659018
37 -10.046483124690113 -159.68427654852346
38 10.046483124690052 -159.68427654852346
39 29.981010333715883 -157.16596011659018
40 49.44271909999156 -152.16904260722458
41 68.12468665041149 -144.77232839456317
42 85.73228719663948 -135.0924680803224
43 101.98783835979029 -123.28211884412633
44 116.6349803874258 -109.52753694859024
45 129.44271909999156 -94.04564036679574
46 140.2090688070181 -77.08058785627458
47 148.76423774212023 -58.89992842954846
48 154.97330578058094 -39.790381946376854
49 158.73835221031644 -20.053317370288745
