0 130.0 0.0
1 128.97491117088214 16.293320363359555
2 125.91581094672205 32.32968533143112
3 120.8709431654727 47.85619184900813
4 113.91986840570226 62.62797763322299
5 105.17220926874317 76.4120827980215
6 94.7659215647835 88.99112377072952
7 82.86511866732967 100.16672156085261
8 69.65748334726955 109.76263031526196
9 55.35130790345944 117.62751682058254
10 40.17220926874317 123.63734711836996
11 24.359570896144216 127.69734259472952
12 8.162767538810758 129.7434746956753
13 -8.162767538810742 129.7434746956753
14 -24.3595708961442 127.69734259472953
15 -40.172209268743124 123.63734711836997
16 -55.35130790345945 117.62751682058253
17 -69.65748334726959 109.76263031526194
18 -82.86511866732967 100.16672156085261
19 -94.76592156478347 88.99112377072954
20 -105.17220926874316 76.41208279802152
21 -113.91986840570226 62.627977633222976
22 -120.87094316547268 47.856191849008155
23 -125.91581094672202 32.32968533143118
24 -128.9749111708821 16.29332036335959
25 -130.0 1.592040838891559e-14
26 -128.97491117088214 -16.29332036335956
27 -125.91581094672206 -32.329685331431094
28 -120.8709431654727 -47.85619184900813
29 -113.91986840570226 -62.627977633223
30 -105.17220926874322 -76.41208279802144
31 -94.76592156478354 -88.99112377072949
32 -82.86511866732964 -100.16672156085262
33 -69.65748334726952 -109.76263031526199
34 -55.35130790345938 -117.62751682058257
35 -40.17220926874318 -123.63734711836996
36 -24.359570896144202 -127.69734259472953
37 -8.162767538810717 -129.7434746956753
38 8.162767538810668 -129.7434746956753
39 24.359570896144156 -127.69734259472953
40 40.17220926874314 -123.63734711836997
41 55.351307903459336 -117.62751682058258
42 69.65748334726958 -109.76263031526194
43 82.86511866732961 -100.16672156085265
44 94.76592156478345 -88.99112377072956
45 105.17220926874316 -76.41208279802154
46 113.9198684057022 -62.6279776332231
47 120.8709431654727 -47.85619184900812
48 125.91581094672202 -32.32968533143119
49 128.9749111708821 -16.293320363359605
