0 100.0 0.0
1 99.21147013144778 12.533323356430426
2 96.85831611286311 24.86898871648548
3 92.97764858882515 36.812455268467794
4 87.63066800438637 48.17536741017153
5 80.90169943749474 58.778525229247315
6 72.89686274214115 68.45471059286886
7 63.742398974868976 77.05132427757893
8 53.582679497899655 84.43279255020151
9 42.57792915650727 90.48270524660195
10 30.901699437494745 95.10565162951535
11 18.738131458572475 98.22872507286885
12 6.279051952931352 99.80267284282715
13 -6.27905195293134 99.80267284282715
14 -18.73813145857246 98.22872507286887
15 -30.901699437494713 95.10565162951536
16 -42.577929156507274 90.48270524660195
17 -53.58267949789969 84.4327925502015
18 -63.742398974868976 77.05132427757893
19 -72.89686274214114 68.45471059286888
20 -80.90169943749473 58.77852522924732
21 -87.63066800438637 48.17536741017152
22 -92.97764858882513 36.812455268467815
23 -96.8583161128631 24.868988716485525
24 -99.21147013144778 12.533323356430454
25 -100.0 1.2246467991473532e-14
26 -99.21147013144778 -12.53332335643043
27 -96.85831611286312 -24.868988716485458
28 -92.97764858882515 -36.812455268467794
29 -87.63066800438637 -48.17536741017154
30 -80.90169943749478 -58.77852522924727
31 -72.8968627421412 -68.45471059286884
32 -63.742398974868955 -77.05132427757894
33 -53.58267949789963 -84.43279255020153
34 -42.57792915650722 -90.48270524660198
35 -30.901699437494756 -95.10565162951535
36 -18.738131458572465 -98.22872507286887
37 -6.2790519529313205 -99.80267284282715
38 6.279051952931283 -99.80267284282715
39 18.738131458572425 -98.22872507286887
40 30.901699437494724 -95.10565162951536
41 42.57792915650718 -90.482705246602
42 53.582679497899676 -84.4327925502015
43 63.742398974868934 -77.05132427757896
44 72.89686274214112 -68.45471059286889
45 80.90169943749473 -58.778525229247336
46 87.63066800438631 -48.17536741017161
47 92.97764858882515 -36.81245526846779
48 96.8583161128631 -24.868988716485536
49 99.21147013144778 -12.533323356430465
